333.3	3.4155	0
250	3.416	1.40E-03
200	3.4165	1.00E-03
166.7	3.417	7.20E-04
125	3.418	4.30E-04
100	3.4185	2.90E-04
90.91	3.4188	0
83.33	3.419	2.30E-04
71.43	3.4192	1.90E-04
62.5	3.4195	1.70E-04
50	3.4197	0
40	3.4199	0
30.3	3.42	0
25	3.4201	9.15E-05
20	3.4204	2.86E-04
15	3.4207	0
14.5	3.4208	0
13.5	3.4209	0
10	3.4215	6.76E-05
9	3.4219	0
8	3.4224	1.53E-05
7	3.4231	0
6	3.4242	0
5	3.4261	1.99E-07
4	3.4294	0
3.5	3.4321	0
3.4188	3.4327	0
3.3033	3.4335	0
3	3.4361	0
2.7144	3.4393	2.50E-09
2.5	3.4424	0
2.4373	3.4434	0
2	3.449	0
1.8	3.4578	0
1.696	3.4644	0
1.6	3.471	0
1.532	3.4784	0
1.4	3.4876	0
1.372	3.5007	0
1.2	3.5193	0
1.144	3.5295	0
1.12	3.5361	0
0.8266	3.673	0.01
0.8157	3.681	0.006
0.8051	3.688	0.006
0.7948	3.697	0.007
0.7847	3.705	0.007
0.7749	3.714	0.008
0.7653	3.721	0.008
0.756	3.728	0.009
0.7469	3.736	0.009
0.738	3.745	0.01
0.7293	3.752	0.01
0.7208	3.761	0.011
0.7126	3.768	0.011
0.7045	3.778	0.012
0.6965	3.787	0.013
0.6888	3.796	0.013
0.6812	3.805	0.013
0.6738	3.815	0.014
0.6666	3.826	0.015
0.6595	3.837	0.016
0.6526	3.847	0.016
0.6458	3.858	0.017
0.6391	3.87	0.018
0.6326	3.882	0.019
0.6262	3.893	0.022
0.6199	3.906	0.022
0.6138	3.918	0.024
0.6078	3.931	0.025
0.6019	3.943	0.025
0.5961	3.956	0.027
0.5904	3.969	0.03
0.5848	3.983	0.03
0.5794	3.997	0.027
0.574	4.012	0.03
0.5687	4.026	0.034
0.5636	4.042	0.032
0.5585	4.057	0.038
0.5535	4.073	0.032
0.5486	4.089	0.044
0.5438	4.106	0.044
0.5391	4.123	0.048
0.5344	4.14	0.045
0.5299	4.159	0.043
0.5254	4.177	0.053
0.5209	4.196	0.056
0.5166	4.215	0.06
0.5123	4.235	0.06
0.5081	4.255	0.072
0.504	4.277	0.066
0.4999	4.298	0.073
0.4959	4.32	0.073
0.492	4.343	0.077
0.4881	4.367	0.079
0.4843	4.391	0.083
0.4806	4.416	0.094
0.4769	4.442	0.09
0.4732	4.466	0.12
0.4696	4.495	0.12
0.4661	4.522	0.134
0.4626	4.553	0.131
0.4592	4.583	0.13
0.4558	4.615	0.131
0.4525	4.648	0.133
0.4492	4.682	0.149
0.446	4.718	0.149
0.4428	4.753	0.163
0.4397	4.791	0.17
0.4366	4.831	0.185
0.4335	4.872	0.185
0.4305	4.916	0.194
0.4275	4.961	0.203
0.4246	5.009	0.211
0.4217	5.058	0.228
0.4189	5.109	0.244
0.4161	5.164	0.255
0.4133	5.222	0.269
0.4105	5.284	0.291
0.4078	5.349	0.313
0.4052	5.42	0.329
0.4025	5.493	0.355
0.4	5.57	0.387
0.3974	5.654	0.416
0.3949	5.744	0.456
0.3924	5.842	0.505
0.3899	5.948	0.561
0.3875	6.062	0.63
0.385	6.185	0.714
0.3827	6.316	0.815
0.3803	6.452	0.945
0.378	6.585	1.11
0.3757	6.709	1.321
0.3734	6.799	1.571
0.3712	6.829	1.87
0.369	6.796	2.169
0.3668	6.695	2.456
0.3647	6.522	2.705
0.3625	6.308	2.881
0.3604	6.089	2.982
0.3583	5.894	3.023
0.3563	5.733	3.026
0.3542	5.61	3.014
0.3522	5.515	2.999
0.3502	5.442	2.989
0.3483	5.383	2.984
0.3463	5.336	2.983
0.3444	5.296	2.987
0.3425	5.261	2.995
0.3406	5.231	3.007
0.3388	5.204	3.021
0.3369	5.179	3.039
0.3351	5.156	3.058
0.3333	5.134	3.079
0.3315	5.115	3.103
0.3297	5.095	3.128
0.328	5.079	3.154
0.3263	5.065	3.182
0.3246	5.052	3.211
0.3229	5.04	3.242
0.3212	5.029	3.275
0.3195	5.021	3.31
0.3179	5.016	3.346
0.3163	5.012	3.386
0.3147	5.009	3.429
0.3131	5.01	3.477
0.3115	5.009	3.529
0.31	5.01	3.587
0.3084	5.015	3.65
0.3069	5.018	3.72
0.3054	5.02	3.798
0.3039	5.021	3.885
0.3024	5.02	3.979
0.3009	5.012	4.086
0.2995	4.999	4.204
0.298	4.977	4.335
0.2966	4.941	4.48
0.2952	4.888	4.639
0.2938	4.805	4.812
0.2924	4.686	4.989
0.291	4.525	5.158
0.2897	4.318	5.301
0.2883	4.086	5.395
0.287	3.849	5.439
0.2857	3.634	5.435
0.2844	3.444	5.414
0.2831	3.277	5.381
0.2818	3.12	5.344
0.2805	2.974	5.304
0.2792	2.833	5.257
0.278	2.7	5.206
0.2768	2.572	5.148
0.2755	2.451	5.082
0.2743	2.339	5.011
0.2731	2.234	4.933
0.2719	2.14	4.849
0.2707	2.059	4.764
0.2695	1.988	4.678
0.2684	1.927	4.59
0.2672	1.874	4.506
0.2661	1.831	4.426
0.2649	1.794	4.35
0.2638	1.764	4.278
0.2627	1.737	4.211
0.2616	1.713	4.149
0.2605	1.692	4.088
0.2594	1.673	4.031
0.2583	1.658	3.979
0.2572	1.643	3.928
0.2562	1.629	3.88
0.2551	1.618	3.835
0.2541	1.608	3.789
0.253	1.597	3.749
0.252	1.591	3.709
0.251	1.584	3.67
0.25	1.58	3.632
0.249	1.575	3.598
0.248	1.68	3.58
0.248	1.57	3.565
0.247	1.569	3.533
0.246	1.568	3.504
0.245	1.569	3.477
0.2441	1.57	3.451
0.2431	1.72	3.42
0.2431	1.571	3.429
0.2422	1.573	3.408
0.2412	1.579	3.389
0.2403	1.582	3.376
0.2394	1.586	3.363
0.2384	1.78	3.36
0.2384	1.589	3.354
0.2375	1.592	3.347
0.2366	1.591	3.344
0.2357	1.59	3.344
0.2348	1.585	3.346
0.2339	1.75	3.42
0.2339	1.579	3.353
0.2331	1.566	3.358
0.2322	1.548	3.364
0.2313	1.526	3.368
0.2305	1.502	3.368
0.2296	1.64	3.44
0.2296	1.471	3.366
0.2288	1.445	3.359
0.2279	1.416	3.35
0.2271	1.389	3.334
0.2263	1.362	3.319
0.2254	1.51	3.4
0.2254	1.34	3.302
0.2246	1.319	3.285
0.2238	1.299	3.267
0.223	1.28	3.245
0.2222	1.265	3.228
0.2214	1.4	3.33
0.2214	1.247	3.206
0.2206	1.235	3.19
0.2198	1.222	3.169
0.2191	1.211	3.15
0.2183	1.195	3.135
0.2175	1.18	3.112
0.2168	1.175	3.102
0.216	1.164	3.086
0.2153	1.155	3.073
0.2145	1.139	3.061
0.2138	1.24	3.18
0.2138	1.133	3.045
0.213	1.119	3.025
0.2123	1.109	3.015
0.2116	1.102	3.005
0.2109	1.088	2.987
0.2101	1.083	2.982
0.2094	1.07	2.963
0.2087	1.066	2.937
0.208	1.046	2.944
0.2073	1.036	2.928
0.2066	1.11	3.05
0.2066	1.01	2.909
0.1984	0.968	2.89
0.1907	0.847	2.73
0.1837	0.756	2.58
0.1771	0.682	2.45
0.171	0.618	2.32
0.1653	0.563	2.21
0.16	0.517	2.1
0.155	0.478	2
0.1503	0.444	1.9
0.1459	0.414	1.82
0.1417	0.389	1.73
0.1378	0.367	1.66
0.134	0.348	1.58
0.1305	0.332	1.51
0.1272	0.318	1.45
0.124	0.306	1.38
0.121	0.295	1.32
0.1181	0.286	1.26
0.1153	0.278	1.21
0.1127	0.272	1.16
0.1102	0.267	1.11
0.1078	0.263	1.06
0.1055	0.259	1.01
0.1033	0.257	0.963
0.1012	0.256	0.918
0.09919	0.255	0.875
0.09724	0.256	0.833
0.09537	0.258	0.792
0.09357	0.261	0.752
0.09184	0.265	0.714
0.09017	0.269	0.677
0.08856	0.275	0.641
0.087	0.281	0.607
0.08551	0.288	0.573
0.08406	0.296	0.541
0.08266	0.304	0.51
0.0813	0.313	0.479
0.07999	0.323	0.45
0.07872	0.333	0.421
0.07749	0.345	0.394
0.0763	0.357	0.367
0.07514	0.369	0.342
0.07469	0.374	0.333
0.07424	0.379	0.323
0.0738	0.386	0.314
0.07293	0.397	0.296
0.07187	0.411	0.275
0.07085	0.426	0.255
0.06985	0.44	0.231
0.06888	0.455	0.219
0.06702	0.485	0.189
0.06526	0.514	0.163
6.50E-02	0.531	0.113
6.40E-02	0.53	0.1
6.36E-02	0.542	0.14
6.30E-02	0.549	9.30E-02
6.20E-02	0.567	8.35E-02
6.20E-02	0.569	0.122
6.10E-02	0.59	7.40E-02
6.00E-02	0.61	6.50E-02
5.90E-02	0.627	5.80E-02
5.80E-02	0.644	5.10E-02
5.70E-02	0.659	4.55E-02
5.60E-02	0.675	4.05E-02
5.50E-02	0.691	3.65E-02
5.40E-02	0.706	3.25E-02
5.30E-02	0.722	2.92E-02
5.20E-02	0.737	2.64E-02
5.10E-02	0.752	2.43E-02
5.00E-02	0.766	2.23E-02
4.90E-02	0.778	2.05E-02
4.80E-02	0.792	1.92E-02
4.70E-02	0.803	1.78E-02
4.60E-02	0.814	1.68E-02
4.50E-02	0.824	1.58E-02
4.40E-02	0.834	1.52E-02
4.30E-02	0.843	1.47E-02
4.20E-02	0.853	1.42E-02
4.10E-02	0.86	1.38E-02
4.00E-02	0.869	1.35E-02
3.90E-02	0.877	1.32E-02
3.80E-02	0.885	1.28E-02
3.70E-02	0.893	1.24E-02
3.60E-02	0.899	1.21E-02
3.50E-02	0.906	1.17E-02
3.40E-02	0.913	1.13E-02
3.30E-02	0.918	1.00E-02
3.20E-02	0.925	1.04E-02
3.10E-02	0.93	1.00E-02
3.00E-02	0.937	9.50E-03
2.90E-02	0.942	9.00E-03
2.80E-02	0.947	8.40E-03
2.70E-02	0.952	7.85E-03
2.60E-02	0.956	7.30E-03
2.50E-02	0.96	6.70E-03
2.40E-02	0.964	6.10E-03
2.30E-02	0.968	5.53E-03
2.20E-02	0.972	5.00E-03
2.10E-02	0.976	4.43E-03
2.00E-02	0.978	3.93E-03
1.90E-02	0.982	3.43E-03
1.80E-02	0.985	2.97E-03
1.70E-02	0.988	2.54E-03
1.60E-02	0.991	2.15E-03
1.50E-02	0.993	1.78E-03
1.40E-02	1	1.43E-03
1.36E-02	1.008	1.30E-03
1.32E-02	1.022	1.20E-03
1.30E-02	1.03	1.13E-03
1.28E-02	1.034	1.09E-03
1.26E-02	1.034	1.02E-03
1.25E-02	1.034	1.00E-03
1.24E-02	1.032	1.54E-03
1.23E-02	1.03	5.00E-03
1.22E-02	1.025	2.40E-02
1.22E-02	1.0241	2.62E-02
1.19E-02	1.0132	2.56E-02
1.16E-02	1.007	2.47E-02
1.13E-02	1.0039	2.39E-02
1.11E-02	1.0024	2.33E-02
1.08E-02	1.0008	2.26E-02
1.05E-02	0.99958	2.19E-02
1.03E-02	0.99856	2.12E-02
1.00E-02	0.99773	2.06E-02
9.76E-03	0.99705	2.00E-02
9.54E-03	0.99645	1.94E-02
9.32E-03	0.99594	1.88E-02
9.12E-03	0.99549	1.83E-02
8.86E-03	0.99496	1.77E-02
8.67E-03	0.9946	1.72E-02
8.43E-03	0.99415	1.66E-02
8.27E-03	0.99384	1.62E-02
8.05E-03	0.9934	1.57E-02
7.85E-03	0.99287	1.52E-02
7.65E-03	0.99235	1.45E-02
7.47E-03	0.99235	1.45E-02
7.29E-03	0.99176	1.28E-02
7.13E-03	0.99167	1.21E-02
6.97E-03	0.99164	1.14E-02
6.81E-03	0.99164	1.07E-02
6.63E-03	0.99167	1.00E-02
6.49E-03	0.99169	9.46E-03
6.33E-03	0.99179	8.79E-03
6.17E-03	0.99192	8.18E-03
6.02E-03	0.99206	7.63E-03
5.88E-03	0.99219	7.12E-03
5.74E-03	0.99236	6.63E-03
5.61E-03	0.99254	6.19E-03
5.46E-03	0.99277	5.70E-03
5.34E-03	0.99296	5.34E-03
5.21E-03	0.99318	4.94E-03
5.08E-03	0.99339	4.57E-03
4.96E-03	0.99361	4.23E-03
4.84E-03	0.99382	3.93E-03
4.73E-03	0.99403	3.65E-03
4.61E-03	0.99427	3.36E-03
4.51E-03	0.99446	3.13E-03
4.40E-03	0.99468	2.88E-03
4.29E-03	0.99489	2.67E-03
4.19E-03	0.99509	2.47E-03
4.09E-03	0.99528	2.29E-03
3.99E-03	0.99549	2.10E-03
3.90E-03	0.99566	1.95E-03
3.80E-03	0.99585	1.80E-03
3.71E-03	0.99602	1.66E-03
3.63E-03	0.99619	1.53E-03
3.53E-03	0.99636	1.41E-03
3.45E-03	0.99651	1.31E-03
3.37E-03	0.99667	1.20E-03
3.29E-03	0.99682	1.11E-03
3.21E-03	0.99695	1.02E-03
3.13E-03	0.9971	9.39E-04
3.05E-03	0.99723	8.63E-04
2.99E-03	0.99735	8.01E-04
2.91E-03	0.99748	7.34E-04
2.84E-03	0.99759	6.77E-04
2.77E-03	0.9977	6.22E-04
2.71E-03	0.99781	5.12E-04
2.64E-03	0.99791	5.27E-04
2.58E-03	0.998	4.87E-04
2.52E-03	0.9981	4.47E-04
2.46E-03	0.99819	4.11E-04
2.40E-03	0.99827	3.79E-04
2.34E-03	0.99836	3.47E-04
2.29E-03	0.99843	3.19E-04
2.23E-03	0.99851	2.94E-04
2.18E-03	0.99858	2.69E-04
2.13E-03	0.99865	2.47E-04
2.08E-03	0.99871	2.27E-04
2.03E-03	0.99878	2.08E-04
1.98E-03	0.99883	1.91E-04
1.93E-03	0.99889	1.76E-04
1.88E-03	0.99894	1.61E-04
1.84E-03	0.99899	1.48E-04
1.80E-03	0.99904	1.36E-04
1.75E-03	0.999088	1.25E-04
1.71E-03	0.999134	1.14E-04
1.67E-03	0.999174	1.05E-04
1.63E-03	0.999214	9.66E-05
1.59E-03	0.999253	8.84E-05
1.55E-03	0.999289	8.11E-05
1.52E-03	0.999325	7.42E-05
1.48E-03	0.999358	6.80E-05
1.45E-03	0.999388	6.25E-05
1.41E-03	0.999418	5.73E-05
1.38E-03	0.999447	5.24E-05
1.34E-03	0.999474	4.80E-05
1.31E-03	0.9995	4.41E-05
1.28E-03	0.999524	4.04E-05
1.25E-03	0.999548	3.70E-05
1.22E-03	0.99957	3.39E-05
1.19E-03	0.999591	3.10E-05
1.16E-03	0.999612	2.84E-05
1.13E-03	0.999631	2.60E-05
1.11E-03	0.999649	2.39E-05
1.08E-03	0.999667	2.18E-05
1.06E-03	0.999684	2.00E-05
1.03E-03	0.9997	1.83E-05
1.01E-03	0.999715	1.67E-05
9.82E-04	0.999729	1.53E-05
9.58E-04	0.999743	1.40E-05
9.35E-04	0.999756	1.28E-05
9.13E-04	0.999769	1.17E-05
8.91E-04	0.999781	1.07E-05
8.69E-04	0.999792	9.81E-06
8.49E-04	0.999803	8.99E-06
8.29E-04	0.999814	8.22E-06
8.09E-04	0.999824	7.49E-06
7.90E-04	0.999834	6.85E-06
7.71E-04	0.999844	6.24E-06
7.52E-04	0.999854	5.70E-06
7.35E-04	0.999863	5.20E-06
7.17E-04	0.999874	4.74E-06
7.00E-04	0.999885	4.32E-06
6.83E-04	0.9999113	3.93E-06
6.67E-04	0.9999318	4.08E-05
6.51E-04	0.9999222	3.76E-05
6.35E-04	0.999131	3.46E-05
6.20E-04	0.999904	3.19E-05
