9.919	13.11	53.7
9.537	12.21	52.2
8.856	10.69	49.4
8.266	9.441	47.1
7.749	8.376	44.8
7.293	7.461	42.5
6.888	6.67	40.4
6.526	5.96	38.6
6.199	5.355	37
5.636	4.425	34
5.166	3.732	31.3
4.769	3.202	29
4.428	2.786	26.9
4.133	2.446	25.1
3.875	2.16	23.5
3.647	1.915	22.1
3.444	1.71	20.9
3.263	1.536	19.8
3.1	1.387	18.8
2.952	1.265	17.9
2.818	1.168	17.1
2.695	1.083	16.4
2.583	1.007	15.7
2.48	0.939	15.1
2.384	0.878	14.5
2.296	0.823	14
2.214	0.774	13.5
2.138	0.729	13
2.066	0.668	12.6
2.066	1.064	14.4
2	0.65	12.2
1.937	0.624	11.8
1.907	0.873	13.3
1.879	0.6	11.4
1.823	0.578	11.1
1.771	0.557	10.7
1.771	0.844	12.2
1.722	0.537	10.4
1.675	0.519	10.1
1.653	0.624	11.5
1.631	0.501	9.84
1.59	0.485	9.57
1.55	0.469	9.32
1.55	0.514	10.8
1.512	0.455	9.08
1.476	0.442	8.88
1.459	0.446	10.1
1.442	0.431	8.7
1.409	0.421	8.37
1.378	0.411	8.37
1.378	0.396	9.48
1.348	0.401	8.21
1.319	0.392	8.06
1.305	0.358	8.95
1.291	0.383	7.92
1.265	0.375	7.78
1.24	0.329	8.49
1.127	0.251	7.67
1.033	0.226	6.99
0.9537	0.198	6.43
0.8856	0.163	5.95
0.8266	0.145	5.5
0.7749	0.143	5.09
0.7293	0.148	4.74
0.6888	0.14	4.44
0.6526	0.14	4.15
0.6199	0.131	3.88
0.5904	0.121	3.66
0.5636	0.12	3.45
0.5391	0.129	3.25
0.5166	0.13	3.07
0.4959	0.13	2.88
0.4769	0.132	2.72
0.4592	0.144	2.56
0.4428	0.157	2.4
0.4275	0.16	2.26
0.4133	0.173	2.11
0.4	0.173	1.95
0.3875	0.192	1.81
0.3757	0.2	1.67
0.3647	0.186	1.61
0.3542	0.209	1.44
0.3444	0.238	1.24
0.3397	0.259	1.12
0.3351	0.294	0.986
0.3324	0.321	0.902
0.3306	0.371	0.813
0.3263	0.526	0.663
0.3237	0.616	0.609
0.322	0.708	0.565
0.3195	0.815	0.526
0.3179	0.932	0.504
0.3155	1.044	0.514
0.3139	1.149	0.54
0.3115	1.246	0.586
0.31	1.323	0.647
0.3061	1.432	0.766
0.3024	1.496	0.882
0.2988	1.522	0.992
0.2952	1.519	1.08
0.2883	1.502	1.19
0.2818	1.476	1.26
0.2755	1.441	1.31
0.2695	1.404	1.33
0.2638	1.372	1.35
0.2583	1.343	1.35
0.253	1.32	1.35
0.248	1.298	1.35
0.2384	1.265	1.33
0.2296	1.238	1.31
0.2214	1.208	1.3
0.2138	1.173	1.29
0.2066	1.125	1.27
0.2033	1.098	1.26
0.2	1.072	1.24
0.1968	1.048	1.21
0.1937	1.028	1.18
0.1879	0.995	1.13
0.1823	0.969	1.07
0.1771	0.953	1.01
0.1722	0.942	0.951
0.1675	0.936	0.892
0.1631	0.935	0.832
0.159	0.94	0.77
0.155	0.962	0.706
0.1512	0.993	0.653
0.1476	1.032	0.61
0.1442	1.073	0.581
0.1409	1.112	0.563
0.1378	1.149	0.552
0.1348	1.182	0.55
0.1278	1.229	0.566
0.124	1.241	0.568
0.1204	1.252	0.564
0.117	1.265	0.56
0.1137	1.28	0.56
0.1107	1.293	0.566
0.1078	1.3	0.573
0.1051	1.304	0.578
0.1025	1.308	0.581
9.92E-02	1.315	0.588
9.54E-02	1.322	0.603
9.18E-02	1.322	0.628
8.86E-02	1.308	0.656
8.55E-02	1.281	0.679
8.27E-02	1.243	0.693
8.00E-02	1.202	0.691
7.75E-02	1.167	0.676
7.29E-02	1.121	0.635
6.89E-02	1.101	0.593
6.53E-02	1.096	0.565
6.20E-02	1.098	0.548
6.05E-02	1.105	0.549
5.90E-02	1.109	0.561
5.77E-02	1.104	0.584
5.64E-02	1.075	0.615
5.51E-02	1.029	0.624
5.39E-02	0.98	0.614
5.28E-02	0.943	0.584
5.06E-02	0.906	0.522
4.86E-02	0.891	0.468
4.77E-02	0.887	0.444
4.68E-02	0.886	0.421
4.59E-02	0.886	0.65
4.59E-02	0.882	0.399
4.51E-02	0.851	0.616
4.43E-02	0.902	0.59
4.35E-02	0.911	0.572
4.28E-02	0.919	0.557
4.13E-02	0.931	0.541
4.00E-02	0.932	0.534
3.87E-02	0.921	0.528
3.76E-02	0.899	0.514
3.65E-02	0.879	0.489
3.54E-02	0.865	0.454
3.44E-02	0.876	0.418
3.35E-02	0.885	0.4
3.26E-02	0.892	0.388
3.18E-02	0.895	0.378
3.10E-02	0.896	0.368
2.95E-02	0.897	0.349
2.82E-02	0.899	0.334
2.70E-02	0.896	0.323
2.64E-02	0.893	0.317
2.58E-02	0.888	0.309
2.53E-02	0.885	0.2
2.48E-02	0.884	0.29
2.43E-02	0.886	0.281
2.38E-02	0.889	0.276
2.34E-02	0.89	0.275
2.30E-02	0.885	0.274
2.21E-02	0.871	0.259
2.14E-02	0.868	0.237
2.07E-02	0.873	0.221
2.00E-02	0.881	0.211
1.94E-02	0.885	0.21
1.88E-02	0.883	0.211
1.82E-02	0.871	0.208
1.77E-02	0.859	0.197
1.72E-02	0.851	0.181
1.68E-02	0.853	0.166
1.63E-02	0.853	0.158
1.59E-02	0.851	0.149
1.55E-02	0.848	0.139
1.46E-02	0.846	0.111
1.38E-02	0.849	8.24E-02
1.31E-02	0.861	5.65E-02
1.24E-02	0.876	3.82E-02
1.18E-02	0.89	2.61E-02
1.13E-02	0.902	1.72E-02
1.03E-02	0.926	6.22E-03
9.54E-03	0.943	3.66E-03
8.86E-03	0.955	3.54E-03
8.27E-03	0.963	4.07E-03
7.75E-03	0.968	4.38E-03
7.29E-03	0.973	4.42E-03
6.89E-03	0.978	4.31E-03
6.20E-03	0.982	3.77E-03
5.64E-03	0.987	3.45E-03
5.17E-03	0.989	3.50E-03
4.77E-03	0.992	3.11E-03
4.43E-03	0.994	2.70E-03
4.13E-03	0.996	2.32E-03
3.54E-03	1.001	1.68E-03
3.35E-03	1.007	8.23E-03
3.10E-03	0.998	8.82E-03
2.48E-03	0.997	4.57E-03
2.07E-03	0.997	2.69E-03
1.68E-03	0.998	1.42E-03
1.55E-03	0.997	1.08E-03
1.24E-03	0.998	5.23E-04
8.27E-04	0.999	1.21E-04
6.20E-04	1.001	4.72E-05
4.96E-04	1.001	2.40E-05
4.13E-04	1.001	1.43E-05
3.54E-04	1.003	1.72E-05
3.44E-04	1.003	3.24E-05
3.10E-04	1.003	3.57E-05
2.76E-04	1.001	2.21E-05
2.48E-04	1.001	1.52E-05
2.07E-04	1.002	8.36E-06
1.55E-04	1	2.92E-06
1.24E-04	0.999	1.29E-06
