9.919	12.24	54.7
9.537	11.51	53.1
9.184	10.84	51.6
8.856	10.21	50.2
8.551	9.582	48.8
8.266	9.016	47.6
7.999	8.5	46.4
7.749	8.06	45.2
7.514	7.655	44.1
7.293	7.282	43
7.085	6.937	42
6.888	6.598	41
6.702	6.27	40.1
6.526	5.966	39.1
6.358	5.684	38.3
6.199	5.423	37.5
5.904	4.971	35.9
5.636	4.611	34.3
5.391	4.292	32.9
5.166	4.007	31.7
4.959	3.748	30.5
4.769	3.507	29.3
4.592	3.289	28.2
4.428	3.091	27.2
4.275	2.912	26.3
4.133	2.749	25.4
4	2.6	24.6
3.875	2.471	23.9
3.757	2.352	23.1
3.647	2.242	22.5
3.542	2.141	21.9
3.444	2.046	21.3
3.351	1.958	20.7
3.263	1.876	20.2
3.179	1.8	19.7
3.1	1.728	19.2
2.952	1.598	18.3
2.818	1.482	17.5
2.695	1.379	16.8
2.583	1.287	16.1
2.48	1.205	15.5
2.384	1.13	14.9
2.296	1.063	14.4
2.214	1.002	13.9
2.138	0.947	13.4
2.066	0.896	13
2.066	0.976	15.1
2	0.85	12.6
1.937	0.807	12.2
1.923	0.767	11.9
1.879	0.73	11.5
1.771	0.696	11.2
1.771	0.726	12.9
1.722	0.665	10.9
1.675	0.636	10.6
1.631	0.609	10.3
1.59	0.583	10.1
1.55	0.559	9.81
1.55	0.55	11.5
1.512	0.537	9.58
1.476	0.515	9.36
1.442	0.493	9.15
1.409	0.473	8.96
1.384	0.454	8.77
1.378	0.436	8.59
1.378	0.458	9.72
1.319	0.419	8.42
1.291	0.403	8.25
1.265	0.389	8.09
1.24	0.372	8.77
1.127	0.312	7.93
1.033	0.272	7.07
0.9537	0.236	6.47
0.8856	0.21	5.88
0.8266	0.188	5.39
0.7749	0.174	4.86
0.7293	0.164	4.35
0.6888	0.16	3.8
0.6526	0.166	3.15
0.5636	0.306	2.88
0.5391	0.402	2.54
0.5166	0.608	2.12
0.4959	0.916	1.84
0.4769	1.242	1.796
0.4592	1.426	1.846
0.4428	1.562	1.904
0.4275	1.616	1.94
0.4133	1.636	1.958
0.4	1.658	1.956
0.3875	1.674	1.936
0.3757	1.696	1.906
0.3647	1.716	1.862
0.3542	1.74	1.848
0.3444	1.766	1.846
0.3351	1.798	1.86
0.3263	1.824	1.878
0.3179	1.84	1.904
0.31	1.83	1.916
0.3024	1.812	1.92
0.2952	1.776	1.918
0.2883	1.742	1.9
0.2818	1.69	1.882
0.2755	1.648	1.852
0.2695	1.598	1.822
0.2638	1.546	1.784
0.2583	1.504	1.748
0.253	1.49	1.698
0.248	1.484	1.636
0.2431	1.478	1.59
0.2384	1.47	1.55
0.2339	1.462	1.51
0.2296	1.454	1.478
0.2254	1.452	1.442
0.2214	1.442	1.418
0.2175	1.438	1.388
0.2138	1.432	1.364
0.2101	1.43	1.334
0.2066	1.422	1.306
0.2	1.427	1.215
0.195	1.424	1.17
0.19	1.427	1.135
0.185	1.442	1.107
0.18	1.47	1.085
0.175	1.5	1.07
0.17	1.519	1.07
0.165	1.512	1.093
0.16	1.483	1.106
0.155	1.45	1.108
0.15	1.419	1.102
0.145	1.386	1.089
0.14	1.36	1.072
0.139	1.355	1.067
0.138	1.35	1.063
0.137	1.345	1.058
0.136	1.338	1.053
0.135	1.333	1.05
0.134	1.328	1.045
0.133	1.323	1.038
0.132	1.318	1.032
0.131	1.313	1.027
0.13	1.308	1.02
0.129	1.304	1.017
0.128	1.3	1.012
0.127	1.295	1.005
0.126	1.29	1
0.125	1.285	0.994
0.124	1.28	0.987
0.123	1.275	0.982
0.122	1.27	0.975
0.121	1.265	0.967
0.12	1.26	0.962
0.119	1.255	0.955
0.118	1.25	0.95
0.117	1.247	0.942
0.116	1.242	0.935
0.115	1.237	0.932
0.114	1.232	0.927
0.113	1.228	0.922
0.112	1.225	0.914
0.111	1.223	0.907
0.11	1.222	0.9
0.109	1.22	0.893
0.108	1.218	0.885
0.107	1.218	0.878
0.106	1.217	0.87
0.105	1.217	0.865
0.104	1.215	0.86
0.103	1.213	0.853
0.102	1.21	0.848
0.101	1.207	0.842
0.1	1.2	0.836
0.099	1.19	0.831
0.098	1.18	0.826
0.097	1.17	0.823
0.096	1.159	0.819
0.095	1.146	0.815
0.094	1.133	0.812
0.093	1.121	0.809
0.092	1.11	0.806
0.091	1.1	0.801
0.09	1.09	0.798
0.089	1.08	0.793
0.088	1.07	0.789
0.087	1.061	0.784
0.086	1.053	0.78
0.085	1.048	0.775
0.084	1.041	0.77
0.083	1.037	0.765
0.082	1.033	0.759
0.081	1.03	0.752
0.08	1.029	0.745
0.079	1.028	0.739
0.078	1.028	0.73
0.077	1.029	0.72
0.076	1.03	0.713
0.075	1.033	0.704
0.074	1.038	0.697
0.073	1.042	0.69
0.072	1.05	0.685
0.071	1.06	0.68
0.07	1.075	0.678
0.069	1.088	0.68
0.068	1.107	0.687
0.067	1.125	0.694
0.066	1.14	0.7
0.065	1.155	0.71
0.064	1.157	0.73
0.063	1.153	0.75
0.062	1.146	0.77
0.061	1.134	0.795
0.06	1.113	0.813
0.059	1.085	0.83
0.058	1.055	0.842
0.057	1.022	0.85
0.056	0.985	0.848
0.055	0.95	0.84
0.054	0.915	0.825
0.053	0.89	0.795
0.052	0.872	0.74
0.051	0.86	0.695
0.05	0.85	0.645
0.049	0.846	0.6
0.048	0.846	0.565
0.04768	0.896	0.679
0.047	0.855	0.548
4.59E-02	0.895	0.635
4.43E-02	0.901	0.607
4.28E-02	0.905	0.599
4.20E-02	0.9	0.601
4.13E-02	0.887	0.603
4.07E-02	0.87	0.601
4.00E-02	0.851	0.596
3.87E-02	0.805	0.57
3.76E-02	0.781	0.515
3.65E-02	0.788	0.473
3.54E-02	0.779	0.439
3.44E-02	0.783	0.414
3.35E-02	0.786	0.391
3.26E-02	0.791	0.371
3.18E-02	0.793	0.353
3.10E-02	0.795	0.334
3.02E-02	0.799	0.317
2.95E-02	0.804	0.303
2.88E-02	0.807	0.292
2.82E-02	0.807	0.282
2.76E-02	0.805	0.27
2.70E-02	0.805	0.254
2.64E-02	0.809	0.238
2.58E-02	0.814	0.225
2.53E-02	0.821	0.213
2.48E-02	0.828	0.204
2.38E-02	0.839	0.19
2.30E-02	0.848	0.18
2.21E-02	0.856	0.171
2.14E-02	0.861	0.166
2.07E-02	0.863	0.162
2.00E-02	0.859	0.156
1.94E-02	0.857	0.147
1.88E-02	0.856	0.136
1.82E-02	0.855	0.124
1.77E-02	0.857	0.112
1.72E-02	0.862	9.97E-02
1.68E-02	0.869	9.27E-02
1.63E-02	0.873	8.71E-02
1.59E-02	0.875	8.18E-02
1.55E-02	0.878	7.52E-02
1.51E-02	0.881	6.82E-02
1.49E-02	0.884	6.53E-02
1.49E-02	0.885	6.37E-02
1.48E-02	0.888	6.33E-02
1.47E-02	0.888	6.54E-02
1.46E-02	0.887	6.48E-02
1.44E-02	0.886	6.13E-02
1.43E-02	0.887	5.76E-02
1.42E-02	0.888	5.58E-02
1.41E-02	0.889	5.54E-02
1.24E-02	0.889	4.54E-02
1.18E-02	0.9	3.53E-02
1.13E-02	0.911	2.83E-02
1.03E-02	0.929	1.78E-02
8.27E-03	0.963	1.01E-02
6.89E-03	0.979	1.07E-02
6.20E-03	0.983	1.15E-02
5.64E-03	0.986	1.18E-02
4.77E-03	0.988	1.06E-02
4.13E-03	0.991	8.95E-03
3.14E-03	0.99525	6.15E-03
2.74E-03	0.99592	6.10E-03
2.48E-03	0.996	5.60E-03
2.36E-03	0.99624	3.76E-03
2.16E-03	0.99652	2.85E-03
1.95E-03	0.99665	2.68E-03
1.76E-03	0.99708	2.34E-03
1.60E-03	0.99734	1.86E-03
1.46E-03	0.99759	1.57E-03
1.33E-03	0.99788	1.23E-03
1.23E-03	0.9982	9.40E-04
1.04E-03	0.99871	5.33E-04
9.89E-04	0.99885	4.40E-04
8.34E-04	0.999085	3.10E-04
8.00E-04	0.999156	2.67E-04
7.00E-04	0.999395	1.68E-04
6.00E-04	0.999637	9.88E-05
5.00E-04	0.999706	2.36E-04
4.00E-04	0.999769	1.20E-04
3.50E-04	0.999794	9.07E-05
3.00E-04	0.999831	5.25E-05
2.50E-04	0.999879	2.75E-05
2.00E-04	0.9999227	1.25E-05
1.75E-04	0.9999415	7.78E-06
1.50E-04	0.9999578	4.52E-06
1.45E-04	0.9999608	4.02E-06
1.35E-04	0.9999665	3.13E-06
1.25E-04	0.9999719	2.39E-06
